-3.400   0.000   -0.000   11.383   8.971
-3.367   0.041   0.040   11.402   9.022
-3.333   0.040   0.055   11.417   9.175
-3.300   0.034   0.042   11.470   9.362
-3.267   0.032   0.038   11.490   9.388
-3.233   0.031   -0.010   11.603   9.588
-3.200   0.031   -0.055   11.801   9.825
-3.167   0.029   -0.054   11.836   9.785
-3.133   0.014   -0.053   11.869   9.848
-3.100   0.004   -0.050   11.878   9.836
-3.067   -0.005   -0.071   11.944   9.893
-3.033   -0.005   -0.068   12.030   9.847
-3.000   0.007   -0.076   12.147   9.919
-2.967   0.040   -0.091   12.229   9.945
-2.933   0.061   -0.099   12.238   9.959
-2.900   0.097   -0.121   12.290   9.936
-2.867   0.112   -0.128   12.298   9.920
-2.833   0.128   -0.130   12.315   9.911
-2.800   0.133   -0.136   12.322   9.915
-2.767   0.135   -0.142   12.324   9.913
-2.733   0.135   -0.143   12.328   9.914
-2.700   0.136   -0.144   12.324   9.917
-2.667   0.148   -0.133   12.315   9.930
-2.633   0.162   -0.126   12.309   9.941
-2.600   0.168   -0.117   12.307   9.947
-2.567   0.172   -0.113   12.295   9.973
-2.533   0.175   -0.113   12.279   9.979
-2.500   0.182   -0.113   12.264   9.995
-2.467   0.186   -0.113   12.254   10.009
-2.433   0.190   -0.113   12.247   10.018
-2.400   0.188   -0.119   12.246   10.036
-2.367   0.188   -0.119   12.262   10.037
-2.333   0.176   -0.132   12.290   10.039
-2.300   0.166   -0.153   12.345   10.037
-2.267   0.159   -0.167   12.361   10.035
-2.233   0.141   -0.188   12.384   10.034
-2.200   0.122   -0.200   12.452   10.008
-2.167   0.099   -0.211   12.525   9.978
-2.133   0.087   -0.216   12.545   9.965
-2.100   0.068   -0.221   12.573   9.940
-2.067   0.022   -0.246   12.622   9.914
-2.033   -0.025   -0.259   12.674   9.870
-2.000   -0.069   -0.287   12.679   9.857
-1.967   -0.086   -0.304   12.689   9.843
-1.933   -0.105   -0.339   12.706   9.849
-1.900   -0.149   -0.369   12.688   9.854
-1.867   -0.190   -0.395   12.681   9.852
-1.833   -0.226   -0.420   12.623   9.850
-1.800   -0.247   -0.428   12.615   9.847
-1.767   -0.263   -0.448   12.527   9.848
-1.733   -0.302   -0.468   12.434   9.859
-1.700   -0.344   -0.484   12.346   9.886
-1.667   -0.376   -0.497   12.238   9.906
-1.633   -0.393   -0.503   12.224   9.920
-1.600   -0.398   -0.502   12.150   9.909
-1.567   -0.452   -0.513   12.057   9.901
-1.533   -0.492   -0.532   11.950   9.899
-1.500   -0.530   -0.526   11.846   9.848
-1.467   -0.540   -0.524   11.835   9.838
-1.433   -0.564   -0.523   11.724   9.814
-1.400   -0.600   -0.541   11.579   9.773
-1.367   -0.651   -0.534   11.501   9.699
-1.333   -0.670   -0.533   11.369   9.593
-1.300   -0.655   -0.548   11.341   9.625
-1.267   -0.671   -0.566   11.308   9.613
-1.233   -0.700   -0.569   11.241   9.560
-1.200   -0.728   -0.568   11.152   9.439
-1.167   -0.745   -0.560   11.144   9.261
-1.133   -0.743   -0.555   11.134   9.248
-1.100   -0.735   -0.544   11.131   9.155
-1.067   -0.726   -0.540   11.162   9.074
-1.033   -0.725   -0.530   11.145   8.942
-1.000   -0.722   -0.514   11.164   8.797
-0.967   -0.719   -0.508   11.173   8.769
-0.933   -0.718   -0.471   11.184   8.706
-0.900   -0.715   -0.446   11.226   8.646
-0.867   -0.685   -0.442   11.317   8.601
-0.833   -0.625   -0.446   11.415   8.550
-0.800   -0.603   -0.448   11.446   8.516
-0.767   -0.534   -0.452   11.550   8.504
-0.733   -0.453   -0.507   11.627   8.515
-0.700   -0.353   -0.595   11.690   8.543
-0.667   -0.246   -0.690   11.710   8.583
-0.633   -0.227   -0.706   11.713   8.605
-0.600   -0.130   -0.750   11.717   8.615
-0.567   -0.084   -0.822   11.707   8.739
-0.533   -0.024   -0.926   11.658   8.901
-0.500   0.062   -1.003   11.469   9.025
-0.467   0.089   -1.033   11.424   9.077
-0.433   0.142   -1.046   11.322   9.145
-0.400   0.241   -1.038   11.182   9.182
-0.367   0.363   -1.076   11.045   9.121
-0.333   0.483   -1.043   10.962   8.905
-0.300   0.549   -1.038   10.984   8.786
-0.267   0.537   -0.996   10.808   8.425
-0.233   0.533   -0.732   10.381   8.176
-0.200   0.685   -0.368   10.237   7.903
-0.167   0.723   -0.230   10.191   7.877
-0.133   0.650   0.082   10.124   7.422
-0.100   0.623   0.336   9.932   5.382
-0.067   0.876   0.394   10.953   4.811
-0.033   0.954   0.505   11.627   4.673
0.000   0.955   0.529   11.694   4.664
0.033   0.972   0.614   12.244   5.299
0.067   1.091   0.565   12.322   6.996
0.100   1.165   0.481   12.110   8.439
0.133   1.198   0.420   11.902   8.579
0.167   1.205   0.398   11.802   8.718
0.200   1.265   0.204   11.487   9.419
0.233   1.306   -0.144   10.610   9.843
0.267   1.326   -0.450   11.667   9.890
0.300   1.362   -0.650   12.173   10.084
0.333   1.363   -0.666   12.146   9.948
0.367   1.385   -0.736   10.723   9.817
0.400   1.424   -0.719   11.094   10.083
0.433   1.490   -0.713   11.200   10.180
0.467   1.561   -0.687   12.087   10.088
0.500   1.576   -0.700   12.228   10.055
0.533   1.633   -0.665   12.636   9.897
0.567   1.758   -0.652   12.725   9.829
0.600   1.883   -0.652   12.856   9.704
0.633   1.986   -0.648   13.066   9.537
0.667   1.992   -0.643   13.052   9.521
0.700   2.089   -0.630   13.245   9.423
0.733   2.208   -0.585   13.429   9.361
0.767   2.223   -0.556   13.431   9.354
0.800   2.217   -0.550   13.479   9.355
0.833   2.201   -0.542   13.474   9.386
0.867   2.180   -0.542   13.515   9.403
0.900   2.169   -0.543   13.442   9.187
0.933   2.157   -0.551   13.616   8.665
0.967   2.151   -0.559   13.527   8.967
1.000   2.144   -0.572   13.450   8.894
1.033   2.141   -0.584   13.414   8.808
1.067   2.142   -0.595   13.392   8.743
1.100   2.142   -0.602   13.383   8.937
